10100101000000000000000001
10100100000000000000000001
10100100000000000000000001
10100100000000000000000001
01101000000000000000000000
01011000000000000000000010
00001101000000000000000003
10100001000000000000000003
10100001000000000000000003
10100001000000000000000003
10100001000000000000000003
10100001000000000000000003
10100001000000000000000003
00001011000000000000000001
10100000000000001000000001
10100000000000000000000001
10100000000000000000000001
10100000000000000000000001
10100000000000000000000001
10100000000000000000000001
00001100000000000000000000
01011000000000000000000000
00011100000000000000000001
10100100000000000000000001
10100100000000000000000001
00001110000000000000000001
10100100000000000000000001
01001010000000000000000000
01011000000000000000000000
01011000000000000000000000
01011000000000000000000000
11000001000000000000000003
10100001000000000000000003
10100001000000000000000003
10010010000000000000000002
01010010000000000000000002
00100101000000000000000003
10100001000000000000000003
00001011000000000000000000
01011000000000000000000000
11000001000000000000000003
10100001000000000000000003
10100001000000000000000003
10100001000000000000000003
10100001000000000000000003
10100001000000000000000003
10100001000000000000000003
10010010000000000000000002
01010010000000000000000012
00000111000000000000000001
10100100000000000000000001
10100100000000000000000001
10000100000000000000000001
10000100000000000000000001
10100100000000000000000001
10100000000000000000000001
00000010000000000000000002
01010000000000000000000000
00000000000000000000000000
01010000000000000000000000
11000000000000000000000003
10100000000000000000000003
10100000000000000000000003
10100000000000000000000003
10100000000000000000000003
10100000000000000000000003
10100000000000000000000003
10010000000000000000000002
01010000000000000000000002
00000011000000000000000003
10100001000000000000000003
00101001000000000000000000
01011000000000000000000000
11000001000000000000000003
10100001000000000000000003
10100000000000000000000003
10010010000000000000000002
01010010000000000000000002
01010010000000000000000002
01010010000000000000000002
00010110000000000000000002
01010010000000000000000002
01010010000000000000000002
01010010000000000000000002
00110100000000000000000001
10100100000000000000000001
10100100000000000000000001
01101000000000000000000000
01011000000000000000000000
10000101000000000000000003
00111000000000000000000001
10000100000000000000000001
10100000000010000000000011
00001010000000000000000001
10100000000000000000000001
10100000000000000000000001
10100000000000000000000003
10100000000000000000000003
10100000000000000000000003
00001010000000000000000002
01010010000000000000000002
00110100000000000000000001
10100100000000000000000001
10100000000000000000000001
10100000000000000000000001
10100000000000000000000001
10100000000000000000000001
10100000000000000000000001
01100000000000000000000000
01010000000000000000000000
00000100000000000000000001
10100100000000000000000001
10000110000000000000000002
01010010000000000000000002
00110100000000000000000001
10100100000000000000000001
10100000000000000000000001
01101000000000000000000000
01011000000000000000000000
01011000000000000000000000
01010000000000000000000000
01000000000000000000000003
10100000000000000000000003
00001010000000000000000002
01010010000000000000000000
00001000000000000000000000
01011000000000000000000000
11000000000000000000000002
01010000000000000000000002
00000000000000000000000002
01010010000000000000000002
01100000000000000000000000
01010000000000000000000000
00000000000000000000000000
01010000000000000000000000
11000000000000000000000003
00100000000000000000000003
10100000000000000000000003
00000000000000000000000002
01010000000000000000000002
00010000000000000000000000
01010000000000000000000000
00000000000000000000000003
10100000000000000000000003
10100000000000000000000003
10000000000000000000000003
10000000000000000000000003
10100000000000000000000003
10100000000000000000000003
00000010000000000000000003
10100000000000000000000003
00100001000000000000000003
10010010000000000000000002
01010010000000000000000002
00000111000000000000000002
01010000000000000000000002
00110000000000000000000001
10000000000000000000000001
10100000000000000000000001
00001000000000000000000010
01011000000000000000000010
01001001010000000000000013
10100001000010000000000003
10100000000000000000000003
00000001000000000000000003
10100000000000000000000003
00010000000000000000000000
01010000000000000000000000
01010000000000000000000000
01010000000000000000000000
10010000000000000000000001
10100000000000000000000001
10100000000000000000000001
11000000000000000000000002
01010000000000000000000002
00100000000000000000000001
10100000000000000000000001
00000010000000000000000002
