10100101000000000000000001
10100100000000000000000001
10100100000000000000000001
10100100000000000000000001
01101000000000000000000000
01011000000000000000000000
00001101000000000000000013
10100001000000000000000003
10100001000000000000000003
10100001000000000000000003
10100001000000000000000003
10100001000000000000000003
10100001000000000000000003
00001011000000000000000003
10100001000000000000000003
10000011000000000000000002
01010010000000000000000002
01100001000000000000000003
10100001000000000000000003
10100001000000000000000003
00111000000000000000000000
01011000000000000000000010
01011000000000000000000000
01011000000000000000000000
00011100000000000000000000
01011000000000000000000000
01011000000000000000000000
01010000000000000000000000
10010100000000000000000001
10100100000000000000000001
10100100000000000000000001
11000010000000000000000002
01010010000000000000000002
00100101000000000000000001
10100100000000000000000001
00001110000000000000000002
01010010000000000000000002
01000011000000000000000012
01010000000000000000000002
00000010000000000000000002
01010010000000000000000000
00000000000000000000000000
01010000000000000000000000
01000001000000000000000000
01010000000000000000000000
00001100000000000000000001
10100100000000000000000001
10100100000000000000000001
10000100000000000000000002
00010000000000100000000112
